100
1359097
63339
99667
34391
51398
54447
14435
61861
77500
24749
97771
14979
21982
96850
90449
51849
90266
14442
76193
52286
78454
26238
87011
52762
43009
87011
34942
51139
47769
69762
83829
33628
16351
47747
22985
73950
73331
2178
32893
522
79751
12771
86674
97606
13158
4769
36580
55679
70482
58967
35966
49004
5151
730
96773
73887
90069
85523
25904
52781
46250
25109
18705
29917
39347
50152
51233
90297
57527
56624
64911
5376
81225
33236
26556
16780
64787
23936
80168
69415
53967
53613
87330
50032
97212
78111
32724
52065
52041
5896
2592
66108
14487
41794
81792
79756
65488
23808
26964
12110
11345
49304
54828
16670
13307
29614
8965
24211
50331
13132
60100
10828
14786
25793
38932
42997
62797
10357
37801
26471
34684
5035
26606
36034
30824
56012
18609
19418
37071
59980
24046
23556
11375
27159
13274
55319
47349
601
22032
82
24241
5213
29564
81108
7431
4277
30408
11831
18524
35590
14435
36622
4208
355
46317
50165
80705
63173
9357
21974
16633
6669
9931
6741
25822
36893
24453
20641
41258
13992
16362
2261
37174
12334
21357
6829
52296
16593
29517
52210
38555
28255
63836
17402
45747
60238
18689
6395
45257
1529
1462
26723
5360
36056
44052
46745
33200
8677
12866
5964
5433
20
3
36
38
39
9
41
11
74
77
14
15
16
82
84
54
86
87
89
26
95
41
2
7
8
9
10
13
14
19
21
26
27
28
30
35
36
38
40
42
45
51
56
61
63
68
71
73
76
80
82
84
85
86
87
88
91
92
93
94
95
96
97
54
1
2
3
5
7
8
9
12
13
15
16
17
18
22
23
25
30
32
35
38
41
43
44
45
47
48
49
50
51
54
58
60
61
62
66
68
69
70
71
73
74
75
76
77
80
82
84
86
87
89
91
92
94
95
73
0
1
2
3
7
8
9
10
12
13
14
17
18
19
20
21
22
23
24
25
26
27
29
30
33
34
36
37
38
39
41
42
43
44
48
49
51
54
55
57
58
59
60
61
62
63
64
65
66
68
70
71
72
73
74
75
76
77
80
83
84
85
86
87
88
89
90
91
93
94
96
97
98
48
0
4
6
9
11
14
15
16
23
27
29
32
33
34
37
38
43
44
45
47
48
49
51
52
55
56
59
60
62
65
67
70
71
72
75
77
78
80
83
85
87
88
89
92
94
97
98
99
38
2
5
9
10
11
14
16
22
28
30
31
32
36
38
39
40
42
43
47
50
51
52
53
54
55
59
61
69
71
73
75
77
79
80
85
89
91
95
59
0
1
2
4
5
6
8
11
12
14
15
16
17
18
19
20
24
25
26
29
30
32
34
38
40
43
44
45
46
47
49
50
52
53
57
60
61
65
66
67
68
69
70
73
74
77
78
79
80
83
88
89
90
91
93
94
96
98
99
35
0
1
5
9
10
13
16
22
23
35
38
39
41
45
48
49
53
54
55
57
59
61
62
64
68
73
79
83
84
85
91
94
95
98
99
43
1
3
8
14
15
16
17
19
24
27
30
31
32
33
34
35
39
41
42
43
44
46
47
55
57
59
60
61
63
64
65
66
70
72
73
74
80
81
85
90
94
95
98
43
0
1
3
4
8
11
12
15
16
22
25
26
29
32
33
35
42
45
46
47
49
50
51
52
53
54
55
56
57
58
59
61
64
65
69
70
71
73
74
90
91
97
99
23
0
18
22
28
30
34
39
40
44
47
48
49
51
53
57
66
68
75
76
87
88
98
99
36
0
1
4
5
6
11
18
21
22
23
28
34
35
46
48
50
51
53
54
61
62
63
64
70
72
74
77
80
81
83
85
86
87
91
92
98
73
2
3
4
5
7
8
11
12
13
14
15
16
17
18
19
21
22
23
24
25
26
27
28
30
31
32
33
34
35
36
39
40
41
42
43
44
45
46
47
48
49
50
53
54
56
57
59
62
63
64
65
68
72
76
77
79
80
82
83
84
85
86
87
88
90
91
92
93
94
96
97
98
99
60
1
2
3
4
7
8
10
12
13
14
15
16
17
18
19
21
26
28
29
30
31
32
33
34
36
37
39
41
42
44
45
47
48
50
51
54
57
59
60
61
62
63
64
66
67
68
70
73
74
78
81
82
84
86
88
90
91
92
93
99
11
97
35
3
72
47
51
83
21
57
28
62
28
8
11
13
20
21
24
27
28
34
39
41
47
49
52
54
57
58
63
65
67
70
73
75
78
82
88
96
98
28
1
5
6
7
11
20
23
25
26
31
38
48
55
58
66
70
71
74
75
77
79
85
87
90
91
95
96
97
54
1
2
3
4
5
6
7
8
9
12
17
18
19
20
21
22
23
24
25
28
29
30
31
32
35
37
38
40
42
43
47
48
50
51
57
59
61
62
72
73
76
78
81
82
83
85
88
89
90
91
92
95
97
98
49
1
2
6
7
8
9
10
13
14
17
18
21
22
25
32
37
39
40
42
44
46
47
48
49
50
51
53
56
58
59
63
64
66
67
68
69
82
84
86
87
88
89
92
93
95
96
97
98
99
57
0
1
3
5
7
8
9
11
13
14
19
21
22
23
24
25
27
29
32
33
34
36
38
39
41
42
43
44
49
51
52
54
58
60
63
64
65
66
67
69
71
74
77
79
80
82
84
85
88
90
92
93
94
95
96
97
99
82
0
1
2
3
4
6
7
9
10
12
14
15
16
18
19
20
21
22
24
25
26
27
29
30
31
32
33
34
35
36
37
38
39
40
41
42
43
44
45
46
48
50
51
52
53
54
55
56
57
58
59
60
61
62
63
64
65
68
69
70
72
73
74
75
76
77
78
79
82
83
86
87
88
91
92
93
94
95
96
97
98
99
72
0
1
3
5
7
9
11
13
14
15
17
18
19
21
22
23
24
26
27
30
31
33
34
35
36
37
38
39
40
41
42
44
45
46
48
49
50
51
52
53
54
55
56
59
60
61
62
63
64
66
67
68
70
71
76
77
79
80
82
84
85
86
87
88
90
91
92
94
96
97
98
99
30
1
2
8
9
10
21
22
23
24
27
29
30
33
47
48
49
52
53
58
59
67
68
74
80
81
85
89
91
93
95
31
4
5
7
17
19
20
24
25
29
39
40
41
42
43
47
50
52
53
56
61
65
72
73
74
77
78
83
84
88
94
99
29
0
1
3
4
5
7
10
13
14
18
28
29
30
41
46
49
59
60
63
68
71
74
75
77
78
80
87
90
92
50
0
1
4
5
6
7
9
12
13
14
15
19
20
21
25
27
29
30
33
34
35
37
38
39
41
42
48
49
50
51
53
55
56
57
58
59
60
62
64
65
66
69
74
77
78
86
88
90
92
94
63
0
1
2
5
8
9
10
11
12
13
15
16
17
18
19
21
22
24
25
26
27
28
29
32
33
34
35
38
39
40
41
42
43
47
49
50
51
52
53
54
56
57
61
62
63
64
68
69
71
76
77
79
81
84
85
87
89
91
93
95
96
97
98
27
1
3
8
12
18
19
20
23
25
31
32
35
43
47
54
56
58
61
66
71
73
78
79
80
82
83
90
15
33
38
71
73
42
76
78
47
52
54
23
26
92
93
31
71
1
2
3
4
5
8
9
10
12
13
16
17
22
23
24
26
27
29
30
31
32
33
34
36
37
38
39
40
41
42
43
44
46
47
48
51
53
54
57
58
59
60
63
64
66
67
68
69
70
71
72
73
74
75
77
78
79
80
83
84
86
87
88
91
92
94
95
96
97
98
99
23
3
15
20
30
32
33
44
49
50
51
54
56
57
59
65
74
77
78
83
85
87
90
91
29
1
4
14
15
19
24
31
32
40
41
45
49
50
53
54
61
62
67
69
73
74
76
77
79
82
86
90
92
96
46
0
3
4
7
11
12
13
16
17
18
19
21
24
26
27
28
33
34
36
38
42
43
45
46
49
50
51
54
61
62
65
68
69
70
71
73
76
77
79
84
85
86
87
89
90
96
44
4
7
8
9
11
12
13
14
19
20
21
22
32
36
39
42
43
50
51
58
59
61
62
63
64
66
68
69
70
72
78
79
83
84
86
87
88
89
90
93
94
96
97
98
23
3
5
8
10
11
16
17
19
28
30
31
33
41
46
47
49
59
70
80
86
88
89
97
30
0
7
13
14
21
25
26
28
37
42
45
47
48
49
51
58
60
65
68
71
72
75
78
88
89
92
93
94
97
98
71
0
1
2
4
6
7
9
12
13
15
18
19
20
21
22
24
25
26
27
28
29
31
32
33
34
36
38
39
40
43
44
45
46
48
49
50
51
52
53
54
55
56
57
59
60
61
62
64
66
67
71
72
73
74
75
76
77
79
80
81
83
84
86
87
88
89
92
94
95
96
99
34
2
3
4
5
9
11
16
21
22
23
24
25
26
27
29
32
35
37
46
54
55
60
61
62
64
66
70
73
74
78
84
86
97
98
80
0
1
2
4
6
7
8
11
14
15
16
17
18
20
21
22
23
25
27
28
29
30
32
33
34
35
37
38
39
40
41
42
43
44
46
48
49
50
51
53
54
55
56
57
58
59
60
61
62
64
65
66
67
68
69
70
71
72
74
75
76
77
78
79
80
81
83
84
85
87
89
91
92
93
94
95
96
97
98
99
67
0
1
2
3
4
5
8
9
10
11
12
15
17
18
19
20
22
25
26
27
28
29
31
32
33
36
37
40
41
42
43
44
50
51
52
53
54
55
59
61
62
63
64
65
66
68
69
71
72
73
74
75
78
79
80
81
82
83
84
87
88
89
92
94
96
98
99
66
2
3
4
6
7
8
9
11
13
14
16
17
18
20
21
22
24
26
27
31
33
35
36
38
39
40
41
43
44
46
47
48
52
53
54
55
57
58
59
60
61
63
64
65
66
67
69
70
71
72
73
76
78
81
82
83
84
86
88
89
92
93
96
97
98
99
60
0
1
3
6
8
10
12
14
15
16
17
18
20
21
22
24
26
28
32
35
36
38
40
41
42
43
44
45
47
50
51
52
56
57
58
60
62
63
64
65
67
69
70
72
73
74
78
79
80
81
82
88
89
91
92
93
95
96
98
99
25
4
8
13
17
18
21
32
40
43
44
45
47
48
49
50
64
67
69
71
74
75
85
89
94
95
51
2
4
7
8
10
13
15
16
20
21
22
24
27
28
29
31
33
35
37
39
41
42
43
44
47
48
49
50
52
53
55
58
60
61
63
65
70
72
75
78
79
84
85
87
88
89
90
93
94
97
98
10
33
38
39
72
9
10
41
75
76
47
17
0
64
3
4
5
37
40
72
74
79
51
20
85
22
86
90
27
73
1
3
4
5
7
8
9
10
11
12
13
15
16
17
18
20
21
24
25
26
27
28
29
31
32
34
35
36
37
38
39
41
42
43
44
45
46
47
48
50
51
52
53
55
57
58
63
65
66
68
69
73
74
75
78
79
81
82
84
85
86
87
88
89
91
92
93
94
95
96
97
98
99
79
0
1
2
3
5
6
7
8
9
10
11
12
13
16
17
18
19
22
24
25
27
29
30
31
32
33
34
35
36
37
38
39
40
41
42
43
44
47
48
49
50
51
53
54
55
57
58
60
61
62
63
64
65
66
67
69
70
71
72
73
74
75
76
77
79
82
83
85
87
88
89
90
91
92
93
94
95
97
99
43
1
6
14
15
17
18
21
26
27
29
32
34
36
40
41
42
43
44
45
51
55
58
60
61
64
65
67
68
71
72
75
76
79
80
81
82
86
90
94
95
96
97
98
57
0
1
4
5
6
8
10
12
13
14
15
16
17
19
20
21
22
27
28
29
30
32
33
35
36
38
39
40
41
44
45
50
52
53
55
56
65
69
71
72
73
74
75
76
77
78
81
83
87
88
89
92
93
94
97
98
99
27
1
7
11
16
17
20
26
33
35
40
41
45
46
48
60
65
67
75
77
79
82
83
88
92
93
95
99
18
0
64
34
65
68
98
7
40
41
42
71
77
47
82
83
27
61
95
44
0
5
6
7
8
9
10
12
15
16
18
24
26
28
32
33
34
38
39
44
46
49
50
52
53
57
58
60
62
65
68
69
70
71
72
73
74
78
79
82
83
85
89
91
50
0
1
4
5
6
8
9
10
13
14
15
17
18
19
21
24
28
31
32
34
35
36
37
41
48
49
50
52
53
54
62
64
66
68
71
72
74
77
79
80
82
83
85
87
90
91
93
94
97
99
32
0
7
12
14
15
25
28
29
30
34
35
39
40
42
46
52
54
57
59
65
67
68
71
72
74
75
76
78
80
87
91
98
14
67
99
38
11
15
47
48
50
19
54
86
88
89
30
26
2
4
7
18
22
24
30
39
40
41
42
49
52
66
69
70
73
78
81
82
85
92
96
97
98
99
63
0
1
2
3
4
5
10
12
14
15
16
18
19
21
24
25
26
30
31
32
33
34
35
37
38
41
42
44
45
46
47
48
50
51
52
54
56
57
58
60
62
63
65
66
67
70
73
75
76
78
79
81
82
83
85
86
88
89
94
95
96
98
99
52
0
1
2
3
4
6
8
9
10
11
14
15
16
17
18
19
20
22
26
27
28
29
30
33
34
37
38
40
41
44
51
57
58
60
61
62
63
65
66
68
69
71
73
77
78
79
83
90
92
97
98
99
65
1
3
4
5
6
7
8
10
11
12
14
15
17
19
20
21
25
26
28
30
31
34
35
36
37
38
39
41
42
44
47
48
50
51
52
53
57
58
59
60
62
64
65
67
69
70
73
74
75
76
78
80
81
82
84
85
86
87
88
91
93
95
96
98
99
77
0
1
2
4
6
7
8
9
11
12
13
14
15
16
17
19
20
23
24
25
27
28
29
31
32
34
35
36
37
38
39
41
42
43
45
47
48
49
50
52
53
54
55
56
57
58
60
61
63
64
65
66
67
68
70
71
72
73
74
75
76
77
78
79
81
82
83
84
86
89
90
92
94
96
97
98
99
41
2
9
13
15
16
18
19
22
23
26
27
28
30
36
38
40
42
43
45
47
48
49
53
56
60
61
64
66
74
75
76
78
80
81
86
90
91
94
95
98
99
82
0
1
2
4
5
6
7
8
10
11
12
14
16
17
18
19
21
22
23
25
26
27
28
29
31
32
33
34
35
36
37
38
39
40
41
42
43
44
45
46
47
48
51
52
53
54
55
56
58
59
61
62
64
65
66
67
68
69
70
71
73
74
75
77
78
80
83
84
85
86
87
88
89
90
91
92
93
94
95
96
98
99
34
1
4
10
12
15
20
21
22
25
27
28
29
32
46
49
52
56
61
62
64
70
71
73
74
75
80
81
83
86
88
89
91
92
99
26
1
6
9
17
19
26
28
30
32
33
37
40
54
55
59
60
65
66
75
82
86
87
90
92
93
96
48
3
4
7
8
9
10
11
13
14
17
19
20
23
26
27
29
31
32
34
35
36
39
45
47
48
49
59
60
61
62
63
64
65
67
68
70
72
73
74
75
80
81
83
84
85
88
93
98
79
0
1
2
3
4
5
7
10
11
13
14
15
16
17
18
19
20
22
24
25
26
27
28
29
31
32
33
34
35
36
37
39
40
41
43
44
45
46
47
48
49
51
52
54
55
57
58
59
61
62
63
64
65
69
70
71
72
73
75
76
77
79
80
81
82
84
85
86
88
89
90
91
93
94
95
96
97
98
99
29
0
3
5
7
13
17
22
24
27
28
31
32
41
45
52
64
66
70
71
72
74
75
80
81
86
87
89
90
98
78
0
1
2
3
4
6
7
8
9
10
11
12
14
15
17
18
19
21
22
24
25
26
27
29
31
32
34
35
36
37
38
40
41
42
43
44
45
46
47
48
51
52
53
56
57
58
59
60
62
64
65
67
68
69
70
71
72
73
74
77
79
80
81
82
84
85
86
87
89
90
91
92
94
95
96
97
98
99
76
0
1
2
3
4
5
6
7
8
9
10
11
12
13
14
15
16
17
18
19
20
21
22
23
25
26
28
29
33
35
36
37
38
41
42
43
44
45
46
47
48
49
51
52
53
55
56
57
58
59
60
61
62
63
64
65
66
67
71
73
74
75
76
77
81
82
84
86
89
90
92
93
95
96
97
99
70
1
3
4
5
6
8
9
10
12
14
15
16
18
19
20
21
22
23
24
25
26
27
31
34
35
36
37
38
40
41
42
44
45
46
48
49
50
51
53
54
55
56
59
61
62
63
64
66
67
68
72
74
77
78
80
81
82
83
84
85
86
87
88
90
91
93
95
96
98
99
55
1
2
3
4
5
7
10
11
12
13
14
15
16
17
18
19
22
24
25
26
29
34
35
36
37
38
42
43
44
45
46
47
49
50
51
52
61
63
64
66
67
70
72
73
76
77
80
82
87
88
92
93
95
96
98
64
0
4
5
6
7
9
11
13
14
16
18
21
23
24
25
26
28
29
30
32
33
34
35
36
39
41
43
46
47
48
49
50
51
52
55
56
58
60
61
62
63
64
65
66
68
70
71
74
75
77
78
80
81
84
85
86
88
89
90
92
94
95
96
97
27
6
10
14
15
18
22
24
26
43
44
45
48
49
50
52
53
56
57
63
64
75
77
84
85
86
87
89
52
1
2
3
5
6
7
9
10
11
13
14
17
18
19
20
24
25
27
28
30
31
33
42
43
45
47
48
49
50
52
57
59
62
63
65
68
72
75
76
77
78
79
82
83
84
86
90
91
92
96
97
99
20
89
3
68
38
71
40
74
11
43
77
48
80
84
53
87
23
24
57
90
27
27
3
7
8
19
25
29
31
33
35
36
42
44
45
49
56
59
61
65
71
78
79
81
84
86
88
92
96
65
1
2
3
4
5
6
7
8
9
11
12
14
16
17
19
20
21
22
24
27
28
31
32
35
36
38
40
42
45
46
47
49
50
52
53
56
58
60
63
64
65
67
68
69
70
75
76
77
79
81
82
83
85
86
87
88
89
90
91
93
94
96
97
98
99
27
1
5
9
12
13
20
25
27
30
31
39
40
42
53
54
58
60
62
65
72
73
74
80
84
88
89
94
31
3
7
8
9
10
21
23
26
29
35
36
37
38
47
50
54
61
62
64
70
73
74
75
80
81
86
87
92
94
95
96
42
1
5
6
9
12
18
19
21
22
24
25
30
31
33
34
36
40
41
43
47
49
52
56
58
62
67
69
71
73
75
77
81
84
85
87
89
92
93
94
95
96
99
36
1
5
11
12
13
16
23
24
27
28
34
39
40
41
42
45
46
47
51
52
57
59
63
66
67
68
70
71
72
73
81
85
90
93
97
99
66
0
1
4
7
8
9
10
11
12
13
16
19
20
21
23
24
25
28
29
30
31
33
34
37
38
39
40
41
42
44
45
46
49
50
51
54
56
58
60
61
62
63
66
67
68
69
70
71
72
76
77
78
80
81
83
84
85
86
87
89
90
93
94
97
98
99
55
0
2
3
4
5
6
7
8
10
11
15
16
17
18
20
22
24
25
26
27
30
33
36
40
43
44
45
48
49
52
53
54
55
57
58
60
61
63
66
68
70
72
74
76
77
80
81
83
88
90
93
94
95
97
99
21
5
12
16
22
26
40
45
48
68
69
70
72
80
82
83
85
88
89
94
97
99
46
1
2
5
7
10
11
13
15
17
20
28
29
30
31
36
37
39
40
42
46
50
54
57
59
61
62
63
66
67
68
72
73
74
75
77
79
81
83
85
87
88
89
90
91
92
96
89
0
1
2
3
4
5
6
7
8
11
12
13
14
15
16
17
18
19
20
21
22
23
24
25
26
27
28
29
30
31
33
34
35
36
37
38
39
40
41
42
43
44
45
47
48
50
52
53
54
55
56
57
58
59
60
61
62
64
66
67
68
69
70
71
72
73
74
75
76
78
79
80
81
82
83
84
85
86
87
88
89
90
91
92
93
94
95
96
99
10
65
39
42
76
17
18
20
22
86
88
77
2
3
4
5
6
7
8
9
10
12
13
14
15
17
18
20
22
24
25
26
28
29
30
32
33
34
35
36
37
38
39
40
41
42
43
44
45
46
47
49
50
51
52
53
56
58
59
60
62
63
64
66
67
71
72
73
74
75
76
78
80
81
82
83
84
85
87
89
90
91
92
93
94
95
97
98
99
45
2
3
5
7
8
9
10
11
13
15
16
17
21
28
34
35
37
39
43
46
47
49
51
57
58
59
62
67
68
73
74
75
76
77
78
79
81
82
83
86
88
89
92
93
99
62
0
1
2
3
8
9
10
11
12
13
14
17
18
19
21
22
23
27
30
31
32
33
34
35
36
37
40
41
44
46
50
51
52
55
58
62
65
67
68
69
70
71
72
73
76
77
78
79
80
81
84
86
87
88
90
91
92
93
94
95
97
98
65
1
2
4
6
7
10
11
12
15
16
18
20
21
22
23
25
26
27
29
30
32
33
34
36
37
40
41
42
43
47
48
49
51
52
54
55
56
58
59
60
61
63
65
68
69
70
74
77
79
80
81
82
83
84
85
86
87
89
90
91
92
93
94
95
98
15
32
1
35
4
5
68
71
41
77
46
81
18
58
28
95
40
1
10
11
13
14
15
16
18
20
26
28
32
34
36
47
50
52
56
59
61
62
63
64
67
69
70
72
74
75
76
79
80
82
83
86
90
91
92
96
97
40
1
4
7
10
12
17
19
21
22
24
25
26
28
31
32
33
35
36
37
38
49
50
51
55
59
62
66
68
71
72
80
82
83
85
86
88
91
92
94
95
50
1
2
3
8
9
10
11
12
15
18
20
21
23
24
25
27
30
31
33
36
38
39
40
41
45
48
49
50
51
54
56
62
65
67
70
71
73
74
75
77
79
80
81
82
83
85
87
90
91
95
64
0
1
2
4
6
7
8
10
12
14
15
16
17
19
21
22
23
24
25
26
27
29
31
32
33
37
38
43
44
45
46
48
49
51
52
53
54
56
57
59
60
61
64
66
67
69
71
74
76
77
78
79
80
83
84
85
86
87
91
92
94
95
97
98
51
0
1
3
4
6
11
13
16
22
24
26
29
30
33
35
36
38
39
40
41
43
45
47
48
49
50
51
52
55
56
59
60
61
63
64
65
67
69
72
73
74
76
77
81
87
88
94
95
96
98
99
52
1
2
4
5
9
12
13
15
16
18
19
20
22
25
34
36
38
39
42
43
47
48
49
53
54
56
58
59
60
61
62
67
68
69
70
74
75
76
77
80
81
82
83
84
85
86
87
88
92
93
95
96
53
0
2
3
5
6
7
8
12
13
15
18
19
21
24
25
27
28
30
33
34
35
39
47
48
51
52
54
55
56
57
59
60
63
64
65
66
67
73
80
81
82
83
84
86
88
89
90
94
95
96
97
98
99
