20
291132
69754
61747
76344
37996
60848
67704
59394
47509
72196
85197
49710
70898
42430
47560
76377
2551
89976
36696
82851
77442
32726
36890
46808
5349
28644
28170
48076
36760
10242
27224
35773
34141
37432
12909
54796
1876
17332
10358
47862
28896
10
0
1
2
3
4
6
9
14
17
19
10
1
5
6
10
11
12
15
17
18
19
8
2
3
9
11
12
14
16
19
20
0
1
2
3
4
5
6
7
8
9
10
11
12
13
14
15
16
17
18
19
8
0
2
7
11
12
14
16
17
11
0
1
2
6
8
9
11
13
16
17
19
8
0
3
6
11
12
16
17
18
6
0
6
7
8
9
10
18
0
1
2
4
5
7
8
9
10
11
12
13
14
15
16
17
18
19
14
0
1
2
3
4
6
7
8
9
13
15
16
17
19
6
0
1
4
5
7
8
9
0
1
2
9
10
11
12
14
15
2
3
12
17
0
1
2
3
4
5
6
7
9
10
11
13
14
15
16
18
19
4
8
10
11
12
7
0
3
7
13
15
16
17
19
0
1
2
3
4
5
6
7
8
10
11
12
13
14
15
16
17
18
19
17
0
1
2
3
4
5
7
8
9
10
11
12
14
15
17
18
19
9
4
6
8
11
13
15
17
18
19
11
0
3
5
6
8
9
10
13
16
18
19
