50
613881
4031
49566
51395
89019
16611
57023
37166
16417
80223
35954
67629
7847
15095
70774
28980
25582
69120
98871
95798
29706
49160
18804
78425
78296
50438
62736
62883
99468
95776
73543
57632
26979
15994
91252
22508
29155
45970
51384
56588
23069
50809
17776
68711
22688
70431
45288
47750
50086
15434
92811
1203
39261
27916
54050
6077
41530
9009
2048
38591
11139
17243
4341
3837
30536
20528
5749
36733
15553
38364
13292
39842
13974
49304
38211
8270
42438
50441
62834
33302
61303
33655
8923
3726
44752
17394
10392
6956
26200
50274
6437
28623
14685
38239
17121
8604
8780
25382
18419
5820
36462
35
1
3
5
6
7
8
9
10
11
12
14
15
19
21
22
23
24
27
28
30
32
33
34
36
37
39
40
41
42
43
44
45
47
48
49
13
3
41
12
15
47
48
18
49
21
22
24
27
29
29
3
4
5
6
7
9
12
13
15
17
19
20
23
25
26
28
29
30
31
32
37
38
39
40
42
44
46
47
49
19
0
32
34
36
6
7
8
9
38
42
17
19
20
22
23
24
25
27
28
29
0
1
3
4
5
7
9
10
14
16
17
18
19
20
21
23
26
28
29
31
36
37
38
41
44
45
46
47
48
12
1
14
15
49
18
20
21
22
23
25
29
31
39
0
2
3
4
5
6
7
8
9
10
12
14
15
16
17
20
21
22
23
24
26
27
29
31
32
33
34
35
37
38
39
40
42
43
44
45
46
48
49
43
0
1
2
3
4
5
6
7
9
11
12
13
14
16
17
18
19
21
22
23
24
25
26
27
28
29
30
31
32
33
34
36
37
38
39
40
41
42
45
46
47
48
49
23
1
4
7
8
12
13
15
16
17
19
20
23
25
31
33
34
35
36
37
42
43
47
49
35
0
1
2
3
4
5
6
7
8
9
10
11
12
16
18
19
20
25
28
31
32
33
34
36
38
39
41
42
43
44
45
46
47
48
49
39
0
1
2
4
5
6
7
8
11
12
13
14
16
17
18
19
20
21
22
23
24
27
28
29
30
31
32
33
34
35
37
39
40
41
42
44
45
46
48
28
1
2
3
4
6
8
9
13
14
17
19
21
22
23
25
26
28
30
33
34
35
36
37
41
42
46
47
48
39
0
2
4
5
6
9
10
11
12
13
14
15
17
19
20
21
22
24
25
26
27
28
29
30
31
33
34
35
37
38
39
40
41
42
43
45
46
47
48
34
0
1
2
4
5
6
7
8
9
10
12
14
17
18
19
21
23
24
25
27
28
29
30
32
33
34
35
37
38
41
43
45
46
47
16
33
35
36
7
8
9
10
11
12
40
16
18
22
25
27
28
38
1
2
3
4
5
6
7
9
10
11
13
15
16
17
18
19
20
21
22
24
26
27
29
30
31
32
33
34
35
37
38
39
40
42
43
45
47
48
24
0
2
4
5
8
10
12
13
15
16
17
18
21
23
29
30
34
38
40
44
45
46
48
49
40
0
1
3
4
5
7
8
9
10
12
13
15
16
17
18
19
20
21
23
24
26
27
28
29
30
31
32
33
34
35
36
38
39
40
41
42
44
46
47
49
34
1
2
3
5
6
9
10
11
12
13
15
16
17
18
20
23
24
26
27
29
30
31
33
34
36
38
40
41
42
43
44
47
48
49
28
0
5
6
7
9
11
12
13
14
16
17
18
19
20
22
23
24
26
30
33
34
37
39
41
43
44
48
49
7
36
38
41
46
48
17
28
14
32
1
37
6
38
40
41
10
15
47
48
19
20
23
21
2
4
8
9
10
11
14
18
21
23
26
29
39
40
41
43
44
46
47
48
49
27
0
1
5
7
8
10
13
14
15
17
18
19
24
26
29
30
33
34
36
38
39
41
42
43
45
47
49
44
0
2
3
4
5
7
8
9
10
11
12
13
14
15
16
17
19
20
22
23
24
25
26
27
28
29
30
31
32
33
34
35
36
37
38
40
41
42
43
44
45
46
47
48
18
2
35
36
5
6
7
8
37
10
38
44
46
15
48
19
20
23
27
11
1
2
4
9
42
46
21
26
28
29
31
20
33
2
3
34
5
35
37
8
9
10
43
45
14
48
49
19
20
22
23
26
32
2
4
6
7
8
13
14
15
16
18
19
20
22
23
24
25
27
28
30
32
36
37
38
39
40
41
42
44
45
47
48
49
7
7
46
48
20
22
25
28
25
4
5
7
11
14
15
17
18
20
21
22
23
25
27
30
31
35
37
39
40
41
43
45
46
47
32
1
2
3
6
7
10
11
13
16
17
20
23
24
25
27
28
29
30
31
32
33
34
35
36
37
38
39
41
44
45
48
49
40
0
1
2
4
5
6
7
8
9
10
11
13
14
15
16
18
19
21
22
23
24
26
27
28
29
30
32
33
34
35
36
38
40
41
42
43
44
46
47
48
27
1
3
5
6
9
11
12
15
16
22
25
28
29
30
31
34
35
36
37
42
43
44
45
46
47
48
49
12
0
1
33
36
8
9
14
47
49
21
25
27
31
2
4
7
9
10
11
12
14
16
17
18
19
20
24
25
26
27
28
30
32
33
34
37
39
40
41
42
43
44
48
49
46
0
1
2
3
4
5
6
7
8
10
11
12
13
14
15
16
17
18
20
21
22
23
25
26
27
28
29
30
31
32
33
34
35
36
37
38
39
40
41
42
43
44
46
47
48
49
21
0
1
4
5
12
13
14
16
21
27
28
30
32
33
34
35
36
41
42
45
46
4
32
1
18
47
42
0
1
2
3
4
5
6
7
8
9
12
13
14
15
16
17
18
19
20
21
22
24
26
27
28
29
30
31
32
33
35
36
37
38
39
40
41
42
43
44
47
49
18
33
3
4
35
36
38
8
39
40
43
12
13
46
49
20
21
25
29
12
36
8
41
10
16
17
21
22
23
24
26
31
19
32
1
33
3
34
36
6
8
42
43
45
15
16
17
21
22
23
27
29
11
34
7
39
9
13
15
49
22
26
27
30
44
0
1
2
3
4
7
8
9
11
12
13
15
16
17
19
20
21
22
23
24
25
26
27
28
29
30
31
32
33
35
36
37
38
39
40
41
42
43
44
45
46
47
48
49
37
0
1
3
4
6
7
8
9
10
11
13
14
15
17
18
21
22
23
24
25
27
28
30
31
32
34
35
38
39
41
43
44
45
46
47
48
49
24
0
3
4
9
13
14
15
16
17
20
22
24
25
26
31
32
34
36
37
39
40
42
43
47
35
1
2
5
7
8
9
10
11
12
13
15
16
17
18
19
20
22
23
24
26
27
28
29
30
33
34
39
41
42
43
44
45
46
48
49
29
1
3
4
7
8
9
10
12
15
16
17
19
21
24
26
28
29
32
34
36
37
38
40
41
43
45
46
48
49
29
1
3
4
5
6
7
10
11
12
14
15
16
19
20
22
24
27
28
31
32
34
36
37
38
41
45
46
48
49
